{
    "map_nodes": [
        {
            "name": 0,
            "x": 117.967,
            "y": 123.713,
            "damage": 3.18,
            "population": 3.54,
            "is_supple": false
        },
        {
            "name": 1,
            "x": 26.623,
            "y": 7.963,
            "damage": 5.86,
            "population": 3.92,
            "is_supple": false
        },
        {
            "name": 2,
            "x": 39.254,
            "y": 104.245,
            "damage": 2.25,
            "population": 3.15,
            "is_supple": false
        },
        {
            "name": 3,
            "x": 106.511,
            "y": 99.683,
            "damage": 4.8,
            "population": 2.64,
            "is_supple": false
        },
        {
            "name": 4,
            "x": 14.8,
            "y": 14.004,
            "damage": 3.47,
            "population": 3.76,
            "is_supple": false
        },
        {
            "name": 5,
            "x": 150.451,
            "y": 7.717,
            "damage": 2.24,
            "population": 3.75,
            "is_supple": false
        },
        {
            "name": 6,
            "x": 65.121,
            "y": 82.499,
            "damage": 6.85,
            "population": 0.81,
            "is_supple": false
        },
        {
            "name": 7,
            "x": 40.623,
            "y": 9.963,
            "damage": 5.85,
            "population": 0.91,
            "is_supple": false
        },
        {
            "name": 8,
            "x": 80.553,
            "y": 32.339,
            "damage": 2.32,
            "population": 1.03,
            "is_supple": true
        },
        {
            "name": 9,
            "x": 126.082,
            "y": 45.312,
            "damage": 2.86,
            "population": 4.18,
            "is_supple": true
        },
        {
            "name": 10,
            "x": 104.547,
            "y": 128.44,
            "damage": 5.57,
            "population": 3.5,
            "is_supple": true
        }
    ],
    "AFFECTED_NUMBER": 8,
    "SUPPLE_NUMBER": 3,
    "stone_list": [
        {
            "x": 29.554095815911715,
            "y": 67.37793203701192,
            "name": "stone_0",
            "radius": 8
        },
        {
            "x": 139.04219059353537,
            "y": 89.64121603671872,
            "name": "stone_1",
            "radius": 1
        },
        {
            "x": 126.4766981578529,
            "y": 69.74268193304411,
            "name": "stone_2",
            "radius": 4
        },
        {
            "x": 164.24745673936056,
            "y": 133.59180575986971,
            "name": "stone_3",
            "radius": 2
        },
        {
            "x": 120.18584083941188,
            "y": 100.92648374866026,
            "name": "stone_4",
            "radius": 5
        }
    ],
    "distance_matrix": [
        [
            0.0,
            147.45,
            81.08,
            999999999.0,
            150.6,
            999999999.0,
            999999999.0,
            137.55,
            98.74,
            999999999.0,
            14.23
        ],
        [
            147.45,
            0.0,
            97.11,
            121.63,
            13.28,
            999999999.0,
            999999999.0,
            999999999.0,
            59.18,
            999999999.0,
            999999999.0
        ],
        [
            81.08,
            97.11,
            0.0,
            67.41,
            999999999.0,
            147.25,
            33.79,
            94.29,
            82.92,
            104.94,
            999999999.0
        ],
        [
            999999999.0,
            121.63,
            67.41,
            0.0,
            125.51,
            999999999.0,
            999999999.0,
            999999999.0,
            999999999.0,
            57.79,
            28.82
        ],
        [
            150.6,
            13.28,
            999999999.0,
            125.51,
            0.0,
            999999999.0,
            84.99,
            999999999.0,
            999999999.0,
            999999999.0,
            999999999.0
        ],
        [
            999999999.0,
            999999999.0,
            147.25,
            999999999.0,
            999999999.0,
            0.0,
            999999999.0,
            109.85,
            999999999.0,
            44.8,
            129.16
        ],
        [
            999999999.0,
            999999999.0,
            33.79,
            999999999.0,
            84.99,
            999999999.0,
            0.0,
            76.56,
            52.48,
            999999999.0,
            999999999.0
        ],
        [
            137.55,
            999999999.0,
            94.29,
            999999999.0,
            999999999.0,
            109.85,
            76.56,
            0.0,
            45.77,
            999999999.0,
            999999999.0
        ],
        [
            98.74,
            59.18,
            82.92,
            999999999.0,
            999999999.0,
            999999999.0,
            52.48,
            45.77,
            0.0,
            999999999.0,
            999999999.0
        ],
        [
            999999999.0,
            999999999.0,
            104.94,
            57.79,
            999999999.0,
            44.8,
            999999999.0,
            999999999.0,
            999999999.0,
            0.0,
            85.87
        ],
        [
            14.23,
            999999999.0,
            999999999.0,
            28.82,
            999999999.0,
            129.16,
            999999999.0,
            999999999.0,
            999999999.0,
            85.87,
            0.0
        ]
    ],
    "distance_matrix_initial": [
        [
            0.0,
            147.45,
            81.08,
            26.62,
            150.6,
            120.46,
            67.02,
            137.55,
            98.74,
            78.82,
            14.23
        ],
        [
            147.45,
            0.0,
            97.11,
            121.63,
            13.28,
            123.83,
            83.89,
            14.14,
            59.18,
            106.24,
            143.48
        ],
        [
            81.08,
            97.11,
            0.0,
            67.41,
            93.5,
            147.25,
            33.79,
            94.29,
            82.92,
            104.94,
            69.63
        ],
        [
            26.62,
            121.63,
            67.41,
            0.0,
            125.51,
            101.92,
            44.82,
            111.31,
            72.17,
            57.79,
            28.82
        ],
        [
            150.6,
            13.28,
            93.5,
            125.51,
            0.0,
            135.8,
            84.99,
            26.14,
            68.26,
            115.6,
            145.43
        ],
        [
            120.46,
            123.83,
            147.25,
            101.92,
            135.8,
            0.0,
            113.46,
            109.85,
            74.11,
            44.8,
            129.16
        ],
        [
            67.02,
            83.89,
            33.79,
            44.82,
            84.99,
            113.46,
            0.0,
            76.56,
            52.48,
            71.41,
            60.54
        ],
        [
            137.55,
            14.14,
            94.29,
            111.31,
            26.14,
            109.85,
            76.56,
            0.0,
            45.77,
            92.48,
            134.62
        ],
        [
            98.74,
            59.18,
            82.92,
            72.17,
            68.26,
            74.11,
            52.48,
            45.77,
            0.0,
            47.34,
            99.05
        ],
        [
            78.82,
            106.24,
            104.94,
            57.79,
            115.6,
            44.8,
            71.41,
            92.48,
            47.34,
            0.0,
            85.87
        ],
        [
            14.23,
            143.48,
            69.63,
            28.82,
            145.43,
            129.16,
            60.54,
            134.62,
            99.05,
            85.87,
            0.0
        ]
    ],
    "best_chromosome": [
        2,
        6,
        2,
        0,
        3,
        1,
        8,
        4,
        "a",
        1,
        7,
        5,
        2,
        5,
        4,
        1,
        4,
        1,
        4,
        0,
        1,
        4,
        0,
        1,
        0,
        1,
        0,
        4,
        0,
        4,
        1,
        4,
        1,
        0,
        4,
        0,
        1,
        0,
        1,
        0,
        1,
        0,
        4,
        0,
        4,
        1,
        0,
        4,
        1,
        4,
        0,
        4,
        1,
        4,
        1,
        0,
        1,
        0,
        1,
        0,
        1,
        0,
        4,
        1,
        0,
        1,
        4,
        1,
        4,
        1,
        4,
        1,
        0,
        1,
        0,
        1,
        0,
        1,
        4,
        1,
        0,
        1,
        4,
        0,
        1,
        4,
        1,
        0,
        1,
        0,
        1,
        4,
        0,
        4,
        0,
        4,
        0,
        1,
        4,
        1,
        0,
        1,
        0,
        1,
        0,
        4,
        1,
        0,
        4,
        0,
        4,
        0,
        1,
        4,
        1,
        4,
        1,
        4,
        0,
        4,
        0,
        4,
        1,
        0,
        4,
        0,
        4,
        0,
        4,
        1,
        4,
        1,
        4,
        0,
        4,
        1,
        4,
        1,
        0,
        1,
        0,
        1,
        4,
        1,
        0,
        1,
        4,
        1,
        4,
        1,
        4,
        1,
        4,
        0,
        1,
        0,
        1,
        4,
        1,
        4,
        0,
        1,
        0,
        1,
        4,
        0,
        4,
        0,
        4,
        1,
        4,
        0,
        4,
        0,
        1,
        "b",
        1,
        7,
        0,
        3,
        2,
        4,
        5,
        2,
        0,
        5,
        4,
        0,
        1,
        0,
        4,
        2,
        4,
        1,
        0,
        2,
        0,
        5,
        1,
        0,
        4,
        0,
        1,
        5,
        1,
        0,
        5,
        1,
        4,
        0,
        5,
        0,
        5,
        0,
        1,
        0,
        5,
        1,
        4,
        0,
        1,
        5,
        1,
        5,
        1,
        4,
        0,
        1,
        0,
        1,
        0,
        4,
        1,
        4,
        0,
        4,
        0,
        5,
        0,
        5,
        1,
        5,
        1,
        0,
        4,
        5,
        1,
        5,
        4,
        1,
        0,
        1,
        0,
        5,
        4,
        1,
        0,
        4,
        5,
        0,
        1,
        5,
        0,
        1,
        4,
        0,
        5,
        1,
        5,
        4,
        5,
        1,
        4,
        1,
        5,
        4,
        0,
        1,
        5,
        0,
        1,
        0,
        4,
        1,
        5,
        4,
        5,
        4,
        5,
        1,
        0,
        5,
        0,
        1,
        4,
        0,
        1,
        0,
        5,
        1,
        4,
        1,
        4,
        0,
        4,
        0,
        5,
        1,
        5,
        4,
        5,
        0,
        4,
        1,
        0,
        1,
        5,
        1,
        5,
        4,
        1,
        5,
        0,
        5,
        1,
        5,
        1,
        4,
        0,
        5,
        4,
        1,
        4,
        0,
        1,
        5,
        0,
        5,
        0,
        1,
        5,
        0,
        1,
        0,
        4,
        5,
        0,
        5,
        4,
        5,
        1,
        4,
        5,
        4,
        0,
        5,
        4,
        0,
        5,
        0,
        1,
        4,
        1,
        4,
        0,
        4,
        1,
        5,
        0,
        1,
        4,
        1,
        5,
        4,
        1,
        5,
        1,
        4,
        0,
        1,
        5,
        0,
        1,
        4,
        5,
        0,
        4,
        5,
        4,
        1,
        5,
        4,
        0,
        4,
        5,
        4,
        5,
        4,
        0,
        4,
        0,
        5,
        1,
        4,
        1,
        0,
        4,
        1,
        0,
        1,
        4,
        5,
        1,
        4,
        0,
        5,
        4,
        1,
        4,
        5,
        0,
        4,
        5,
        0,
        5,
        0,
        5,
        1,
        5,
        0,
        5,
        4,
        1,
        4,
        0,
        4,
        1,
        5,
        4,
        1,
        0,
        5,
        1,
        5,
        4,
        0,
        1,
        4,
        0,
        4,
        0,
        4,
        1,
        4,
        0,
        1,
        4,
        0,
        1,
        0,
        1,
        4,
        0,
        4,
        0,
        4,
        1,
        0,
        1,
        4,
        1,
        4,
        0,
        4,
        0,
        4,
        0,
        1,
        0,
        1,
        0,
        1,
        4,
        0,
        4,
        1,
        4,
        1,
        4,
        1,
        0,
        1,
        4,
        0,
        4,
        1,
        4,
        1,
        0,
        4,
        1,
        0,
        4,
        1,
        4,
        0,
        1,
        0,
        4,
        1,
        4,
        0,
        1,
        0,
        1,
        0,
        4,
        1,
        4,
        1,
        4,
        0,
        4,
        1,
        0,
        4,
        0,
        1,
        0,
        1,
        4,
        1,
        0,
        4,
        0,
        4,
        0,
        4,
        0,
        1,
        0,
        4,
        1,
        0,
        1,
        0,
        1,
        4,
        1,
        4,
        1,
        4,
        0,
        1,
        0,
        1,
        4,
        0,
        1,
        0,
        1,
        0,
        4,
        0,
        4,
        0,
        1,
        4,
        1,
        0,
        4,
        1,
        4,
        1,
        0,
        4,
        0,
        1,
        4,
        0,
        4,
        1,
        0,
        1,
        4,
        0,
        1,
        4,
        1,
        0,
        1,
        4,
        0,
        4,
        0,
        1,
        4,
        0,
        4,
        1,
        0,
        1,
        4,
        0,
        1,
        4,
        1,
        4,
        0,
        4,
        0,
        4,
        1,
        4,
        0,
        4,
        "c"
    ],
    "best_chromosome_fitness": 1270831.939516749
}